0.0000
0.0000
0.0000
0.0000
0.0000
0.0000
-0.0000
-0.0000
-0.0000
-0.0000
-0.0000
-0.0000
-0.0000
-0.0000
-0.0000
-0.0000
-0.0000
-0.0000
-0.0000
-0.0000
-0.0000
-0.0000
-0.0000
-0.0000
-0.0000
-0.0000
-0.0000
-0.0000
-0.0000
-0.0000
-0.0000
-0.0000
-0.0000
-0.0000
-0.0000
-0.0000
-0.0000
-0.0000
-0.0000
-0.0000
-0.0000
-0.0000
-0.0000
-0.0000
-0.0000
-0.0000
-0.0000
-0.0000
-0.0000
-0.0000
-0.0000
-0.0000
0.0000
0.0000
0.0000
0.0000
0.0000
0.0000
0.0000
0.0000
0.0000
0.0000
0.0000
0.0000
0.0000
0.0001
0.0001
0.0001
0.0001
0.0001
0.0001
0.0001
0.0001
0.0002
0.0002
0.0002
0.0002
0.0002
0.0003
0.0003
0.0003
0.0003
0.0003
0.0003
0.0004
0.0004
0.0004
0.0004
0.0004
0.0004
0.0004
0.0003
0.0003
0.0003
0.0002
0.0002
0.0001
-0.0000
-0.0001
-0.0003
-0.0004
-0.0006
-0.0008
-0.0010
-0.0013
-0.0016
-0.0019
-0.0022
-0.0026
-0.0030
-0.0034
-0.0039
-0.0044
-0.0049
-0.0054
-0.0060
-0.0066
-0.0072
-0.0078
-0.0084
-0.0090
-0.0096
-0.0102
-0.0108
-0.0114
-0.0119
-0.0123
-0.0127
-0.0130
-0.0133
-0.0134
-0.0134
-0.0133
-0.0130
-0.0125
-0.0119
-0.0111
-0.0100
-0.0087
-0.0072
-0.0054
-0.0033
-0.0010
0.0017
0.0047
0.0080
0.0116
0.0155
0.0198
0.0244
0.0293
0.0345
0.0400
0.0458
0.0519
0.0581
0.0646
0.0712
0.0780
0.0848
0.0916
0.0984
0.1051
0.1117
0.1180
0.1240
0.1296
0.1348
0.1394
0.1434
0.1467
0.1492
0.1509
0.1515
0.1511
0.1496
0.1469
0.1429
0.1375
0.1308
0.1225
0.1128
0.1015
0.0886
0.0742
0.0581
0.0405
0.0213
0.0006
-0.0216
-0.0452
-0.0701
-0.0962
-0.1234
-0.1517
-0.1807
-0.2105
-0.2408
-0.2714
-0.3021
-0.3328
-0.3632
-0.3930
-0.4221
-0.4503
-0.4772
-0.5026
-0.5263
-0.5481
-0.5676
-0.5848
-0.5993
-0.6109
-0.6196
-0.6249
-0.6269
-0.6254
-0.6202
-0.6112
-0.5984
-0.5817
-0.5611
-0.5366
-0.5082
-0.4761
-0.4402
-0.4007
-0.3578
-0.3117
-0.2625
-0.2105
-0.1560
-0.0993
-0.0406
0.0197
0.0812
0.1436
0.2065
0.2696
0.3323
0.3944
0.4553
0.5148
0.5724
0.6278
0.6805
0.7301
0.7765
0.8192
0.8579
0.8924
0.9225
0.9478
0.9683
0.9838
0.9942
0.9994
0.9993
0.9941
0.9836
0.9681
0.9475
0.9221
0.8920
0.8574
0.8187
0.7759
0.7296
0.6799
0.6272
0.5718
0.5143
0.4548
0.3939
0.3319
0.2692
0.2062
0.1434
0.0811
0.0197
-0.0405
-0.0991
-0.1557
-0.2101
-0.2620
-0.3110
-0.3570
-0.3998
-0.4391
-0.4749
-0.5069
-0.5352
-0.5596
-0.5801
-0.5967
-0.6094
-0.6183
-0.6234
-0.6249
-0.6229
-0.6175
-0.6089
-0.5972
-0.5827
-0.5656
-0.5460
-0.5243
-0.5006
-0.4753
-0.4484
-0.4204
-0.3913
-0.3616
-0.3313
-0.3008
-0.2701
-0.2396
-0.2095
-0.1799
-0.1509
-0.1228
-0.0957
-0.0697
-0.0449
-0.0215
0.0006
0.0212
0.0403
0.0578
0.0737
0.0881
0.1009
0.1121
0.1218
0.1299
0.1366
0.1420
0.1459
0.1486
0.1501
0.1505
0.1498
0.1482
0.1457
0.1424
0.1384
0.1338
0.1286
0.1230
0.1171
0.1108
0.1043
0.0976
0.0909
0.0841
0.0773
0.0706
0.0641
0.0576
0.0514
0.0454
0.0397
0.0342
0.0290
0.0242
0.0196
0.0154
0.0115
0.0079
0.0046
0.0017
-0.0010
-0.0033
-0.0053
-0.0071
-0.0086
-0.0099
-0.0109
-0.0118
-0.0124
-0.0128
-0.0131
-0.0132
-0.0132
-0.0131
-0.0129
-0.0126
-0.0122
-0.0117
-0.0112
-0.0107
-0.0101
-0.0095
-0.0089
-0.0083
-0.0077
-0.0071
-0.0065
-0.0059
-0.0053
-0.0048
-0.0043
-0.0038
-0.0034
-0.0029
-0.0025
-0.0022
-0.0018
-0.0015
-0.0013
-0.0010
-0.0008
-0.0006
-0.0004
-0.0003
-0.0001
-0.0000
0.0001
0.0001
0.0002
0.0003
0.0003
0.0003
0.0004
0.0004
0.0004
0.0004
0.0004
0.0004
0.0004
0.0003
0.0003
0.0003
0.0003
0.0003
0.0002
0.0002
0.0002
0.0002
0.0002
0.0002
0.0001
0.0001
0.0001
0.0001
0.0001
0.0001
0.0001
0.0001
0.0000
0.0000
0.0000
0.0000
0.0000
0.0000
0.0000
0.0000
0.0000
0.0000
0.0000
0.0000
0.0000
-0.0000
-0.0000
-0.0000
-0.0000
-0.0000
-0.0000
-0.0000
-0.0000
-0.0000
-0.0000
-0.0000
-0.0000
-0.0000
-0.0000
-0.0000
-0.0000
-0.0000
-0.0000
-0.0000
-0.0000
-0.0000
-0.0000
-0.0000
-0.0000
-0.0000
-0.0000
-0.0000
-0.0000
-0.0000
-0.0000
-0.0000
-0.0000
-0.0000
-0.0000
-0.0000
-0.0000
-0.0000
-0.0000
-0.0000
-0.0000
-0.0000
-0.0000
-0.0000
-0.0000
-0.0000
-0.0000
0.0000
0.0000
0.0000
0.0000
0.0000
