0.0000
0.0000
0.0000
0.0000
0.0000
0.0000
0.0000
0.0000
0.0000
0.0000
0.0000
0.0000
0.0000
0.0000
0.0000
0.0000
0.0000
0.0000
0.0000
0.0000
0.0000
0.0000
0.0000
0.0000
0.0000
0.0000
0.0000
0.0000
0.0000
-0.0000
-0.0000
-0.0000
-0.0000
-0.0000
-0.0000
-0.0000
-0.0000
-0.0000
-0.0000
-0.0000
-0.0000
-0.0000
-0.0000
-0.0000
-0.0000
-0.0000
-0.0000
-0.0000
-0.0000
-0.0000
-0.0000
-0.0000
-0.0000
-0.0000
-0.0000
-0.0000
-0.0000
-0.0000
-0.0000
-0.0000
-0.0000
-0.0000
-0.0000
-0.0000
-0.0000
-0.0000
-0.0000
-0.0000
-0.0000
-0.0000
-0.0000
-0.0000
-0.0000
-0.0000
0.0000
0.0000
0.0000
0.0001
0.0001
0.0001
0.0001
0.0002
0.0002
0.0003
0.0003
0.0004
0.0004
0.0005
0.0006
0.0006
0.0007
0.0008
0.0009
0.0010
0.0011
0.0013
0.0014
0.0015
0.0016
0.0018
0.0019
0.0020
0.0021
0.0023
0.0024
0.0025
0.0025
0.0026
0.0026
0.0026
0.0026
0.0026
0.0025
0.0024
0.0022
0.0019
0.0016
0.0013
0.0008
0.0003
-0.0003
-0.0010
-0.0017
-0.0026
-0.0036
-0.0047
-0.0059
-0.0072
-0.0086
-0.0101
-0.0117
-0.0135
-0.0153
-0.0172
-0.0193
-0.0214
-0.0236
-0.0258
-0.0281
-0.0304
-0.0327
-0.0350
-0.0373
-0.0395
-0.0416
-0.0436
-0.0455
-0.0471
-0.0486
-0.0498
-0.0507
-0.0512
-0.0514
-0.0511
-0.0504
-0.0492
-0.0474
-0.0451
-0.0422
-0.0386
-0.0343
-0.0293
-0.0236
-0.0171
-0.0098
-0.0017
0.0071
0.0167
0.0272
0.0384
0.0503
0.0629
0.0762
0.0901
0.1046
0.1196
0.1349
0.1507
0.1666
0.1827
0.1987
0.2147
0.2304
0.2458
0.2607
0.2749
0.2883
0.3007
0.3120
0.3221
0.3307
0.3378
0.3431
0.3465
0.3480
0.3473
0.3444
0.3391
0.3313
0.3210
0.3081
0.2925
0.2742
0.2533
0.2296
0.2033
0.1744
0.1429
0.1090
0.0727
0.0343
-0.0061
-0.0484
-0.0923
-0.1376
-0.1840
-0.2313
-0.2793
-0.3275
-0.3758
-0.4238
-0.4711
-0.5174
-0.5625
-0.6060
-0.6474
-0.6866
-0.7232
-0.7569
-0.7874
-0.8143
-0.8376
-0.8569
-0.8719
-0.8826
-0.8888
-0.8903
-0.8870
-0.8789
-0.8660
-0.8482
-0.8255
-0.7981
-0.7661
-0.7296
-0.6887
-0.6438
-0.5950
-0.5426
-0.4869
-0.4282
-0.3669
-0.3033
-0.2379
-0.1710
-0.1030
-0.0344
0.0344
0.1030
0.1709
0.2378
0.3032
0.3667
0.4280
0.4866
0.5422
0.5946
0.6433
0.6881
0.7289
0.7653
0.7973
0.8246
0.8471
0.8648
0.8777
0.8857
0.8889
0.8874
0.8811
0.8704
0.8553
0.8360
0.8127
0.7857
0.7552
0.7216
0.6850
0.6459
0.6045
0.5611
0.5161
0.4698
0.4226
0.3747
0.3266
0.2784
0.2306
0.1834
0.1371
0.0920
0.0482
0.0061
-0.0342
-0.0725
-0.1086
-0.1423
-0.1737
-0.2025
-0.2287
-0.2522
-0.2731
-0.2912
-0.3067
-0.3195
-0.3298
-0.3375
-0.3427
-0.3456
-0.3463
-0.3448
-0.3413
-0.3360
-0.3289
-0.3203
-0.3103
-0.2990
-0.2866
-0.2733
-0.2591
-0.2443
-0.2290
-0.2134
-0.1975
-0.1815
-0.1655
-0.1497
-0.1341
-0.1188
-0.1039
-0.0895
-0.0757
-0.0625
-0.0499
-0.0381
-0.0270
-0.0166
-0.0071
0.0017
0.0097
0.0169
0.0234
0.0291
0.0340
0.0383
0.0418
0.0447
0.0470
0.0488
0.0500
0.0507
0.0509
0.0507
0.0502
0.0493
0.0481
0.0467
0.0450
0.0432
0.0412
0.0391
0.0369
0.0347
0.0324
0.0301
0.0278
0.0255
0.0233
0.0211
0.0190
0.0170
0.0151
0.0133
0.0116
0.0100
0.0085
0.0071
0.0058
0.0046
0.0035
0.0026
0.0017
0.0009
0.0003
-0.0003
-0.0008
-0.0013
-0.0016
-0.0019
-0.0021
-0.0023
-0.0025
-0.0025
-0.0026
-0.0026
-0.0026
-0.0026
-0.0025
-0.0024
-0.0023
-0.0022
-0.0021
-0.0020
-0.0019
-0.0017
-0.0016
-0.0015
-0.0014
-0.0012
-0.0011
-0.0010
-0.0009
-0.0008
-0.0007
-0.0006
-0.0005
-0.0005
-0.0004
-0.0003
-0.0003
-0.0002
-0.0002
-0.0002
-0.0001
-0.0001
-0.0001
-0.0000
-0.0000
-0.0000
-0.0000
0.0000
0.0000
0.0000
0.0000
0.0000
0.0000
0.0000
0.0000
0.0000
0.0000
0.0000
0.0000
0.0000
0.0000
0.0000
0.0000
0.0000
0.0000
0.0000
0.0000
0.0000
0.0000
0.0000
0.0000
0.0000
0.0000
0.0000
0.0000
0.0000
0.0000
0.0000
0.0000
0.0000
0.0000
0.0000
0.0000
0.0000
0.0000
0.0000
0.0000
0.0000
0.0000
0.0000
0.0000
0.0000
-0.0000
-0.0000
-0.0000
-0.0000
-0.0000
-0.0000
-0.0000
-0.0000
-0.0000
-0.0000
-0.0000
-0.0000
-0.0000
-0.0000
-0.0000
-0.0000
-0.0000
-0.0000
-0.0000
-0.0000
-0.0000
-0.0000
-0.0000
-0.0000
-0.0000
-0.0000
-0.0000
-0.0000
