0.0000
0.0000
0.0000
0.0000
0.0000
0.0000
0.0000
0.0000
0.0000
0.0000
0.0000
0.0000
0.0000
-0.0000
-0.0000
-0.0000
-0.0000
-0.0000
-0.0000
-0.0000
-0.0000
-0.0000
-0.0000
-0.0000
-0.0000
-0.0000
0.0000
0.0000
0.0000
0.0000
0.0000
0.0000
0.0000
0.0000
0.0000
0.0000
0.0000
0.0000
0.0000
-0.0000
-0.0000
-0.0000
-0.0000
-0.0000
-0.0000
-0.0000
-0.0000
-0.0000
-0.0000
-0.0000
-0.0000
-0.0000
0.0000
0.0000
0.0000
0.0000
0.0000
0.0000
0.0000
0.0000
0.0000
0.0000
0.0000
0.0000
-0.0000
-0.0000
-0.0000
-0.0000
-0.0000
-0.0000
-0.0000
-0.0000
-0.0000
-0.0000
-0.0000
-0.0000
-0.0000
0.0000
0.0000
0.0000
0.0000
0.0001
0.0001
0.0001
0.0001
0.0001
0.0001
0.0001
0.0001
0.0000
-0.0000
-0.0001
-0.0001
-0.0002
-0.0002
-0.0003
-0.0003
-0.0004
-0.0004
-0.0003
-0.0003
-0.0002
-0.0001
0.0001
0.0003
0.0005
0.0007
0.0008
0.0010
0.0011
0.0012
0.0011
0.0010
0.0008
0.0005
0.0001
-0.0004
-0.0010
-0.0015
-0.0021
-0.0026
-0.0031
-0.0033
-0.0034
-0.0033
-0.0029
-0.0022
-0.0012
0.0000
0.0014
0.0030
0.0046
0.0061
0.0074
0.0084
0.0090
0.0091
0.0085
0.0072
0.0052
0.0025
-0.0007
-0.0044
-0.0083
-0.0121
-0.0158
-0.0188
-0.0209
-0.0220
-0.0216
-0.0197
-0.0162
-0.0111
-0.0045
0.0032
0.0117
0.0205
0.0291
0.0367
0.0428
0.0468
0.0481
0.0463
0.0411
0.0326
0.0209
0.0064
-0.0101
-0.0279
-0.0458
-0.0626
-0.0771
-0.0880
-0.0942
-0.0949
-0.0893
-0.0773
-0.0589
-0.0349
-0.0062
0.0257
0.0590
0.0916
0.1212
0.1456
0.1628
0.1709
0.1686
0.1551
0.1305
0.0953
0.0511
-0.0000
-0.0552
-0.1112
-0.1645
-0.2112
-0.2479
-0.2714
-0.2792
-0.2698
-0.2426
-0.1980
-0.1378
-0.0649
0.0168
0.1027
0.1874
0.2653
0.3312
0.3800
0.4077
0.4112
0.3891
0.3413
0.2697
0.1775
0.0697
-0.0477
-0.1675
-0.2824
-0.3848
-0.4677
-0.5249
-0.5518
-0.5455
-0.5051
-0.4320
-0.3295
-0.2032
-0.0601
0.0913
0.2417
0.3815
0.5019
0.5946
0.6531
0.6729
0.6520
0.5906
0.4917
0.3609
0.2055
0.0350
-0.1403
-0.3097
-0.4624
-0.5888
-0.6807
-0.7321
-0.7394
-0.7019
-0.6215
-0.5031
-0.3537
-0.1825
0.0000
0.1825
0.3537
0.5031
0.6215
0.7019
0.7394
0.7321
0.6807
0.5888
0.4624
0.3097
0.1403
-0.0350
-0.2055
-0.3609
-0.4917
-0.5906
-0.6520
-0.6729
-0.6531
-0.5946
-0.5019
-0.3815
-0.2417
-0.0913
0.0601
0.2032
0.3295
0.4320
0.5051
0.5455
0.5518
0.5249
0.4677
0.3848
0.2824
0.1675
0.0477
-0.0697
-0.1775
-0.2697
-0.3413
-0.3891
-0.4112
-0.4077
-0.3800
-0.3312
-0.2653
-0.1874
-0.1027
-0.0168
0.0649
0.1378
0.1980
0.2426
0.2698
0.2792
0.2714
0.2479
0.2112
0.1645
0.1112
0.0552
0.0000
-0.0511
-0.0953
-0.1305
-0.1551
-0.1686
-0.1709
-0.1628
-0.1456
-0.1212
-0.0916
-0.0590
-0.0257
0.0062
0.0349
0.0589
0.0773
0.0893
0.0949
0.0942
0.0880
0.0771
0.0626
0.0458
0.0279
0.0101
-0.0064
-0.0209
-0.0326
-0.0411
-0.0463
-0.0481
-0.0468
-0.0428
-0.0367
-0.0291
-0.0205
-0.0117
-0.0032
0.0045
0.0111
0.0162
0.0197
0.0216
0.0220
0.0209
0.0188
0.0158
0.0121
0.0083
0.0044
0.0007
-0.0025
-0.0052
-0.0072
-0.0085
-0.0091
-0.0090
-0.0084
-0.0074
-0.0061
-0.0046
-0.0030
-0.0014
-0.0000
0.0012
0.0022
0.0029
0.0033
0.0034
0.0033
0.0031
0.0026
0.0021
0.0015
0.0010
0.0004
-0.0001
-0.0005
-0.0008
-0.0010
-0.0011
-0.0012
-0.0011
-0.0010
-0.0008
-0.0007
-0.0005
-0.0003
-0.0001
0.0001
0.0002
0.0003
0.0003
0.0004
0.0004
0.0003
0.0003
0.0002
0.0002
0.0001
0.0001
0.0000
-0.0000
-0.0001
-0.0001
-0.0001
-0.0001
-0.0001
-0.0001
-0.0001
-0.0001
-0.0000
-0.0000
-0.0000
-0.0000
0.0000
0.0000
0.0000
0.0000
0.0000
0.0000
0.0000
0.0000
0.0000
0.0000
0.0000
0.0000
0.0000
-0.0000
-0.0000
-0.0000
-0.0000
-0.0000
-0.0000
-0.0000
-0.0000
-0.0000
-0.0000
-0.0000
-0.0000
0.0000
0.0000
0.0000
0.0000
0.0000
0.0000
0.0000
0.0000
0.0000
0.0000
0.0000
0.0000
0.0000
-0.0000
-0.0000
-0.0000
-0.0000
-0.0000
-0.0000
-0.0000
-0.0000
-0.0000
-0.0000
-0.0000
-0.0000
-0.0000
0.0000
0.0000
0.0000
0.0000
0.0000
0.0000
0.0000
0.0000
0.0000
0.0000
0.0000
0.0000
0.0000
-0.0000
-0.0000
-0.0000
-0.0000
-0.0000
-0.0000
-0.0000
-0.0000
-0.0000
-0.0000
-0.0000
-0.0000
-0.0000
