0.0000
0.0000
0.0000
0.0000
0.0000
0.0000
0.0000
-0.0000
-0.0000
-0.0000
-0.0000
-0.0000
-0.0000
-0.0000
-0.0000
-0.0000
-0.0000
-0.0000
-0.0000
-0.0000
0.0000
0.0000
0.0000
0.0000
0.0000
0.0000
0.0000
0.0000
0.0000
0.0000
0.0000
0.0000
-0.0000
-0.0000
-0.0000
-0.0000
-0.0000
-0.0000
-0.0000
-0.0000
-0.0000
-0.0000
-0.0000
-0.0000
-0.0000
0.0000
0.0000
0.0000
0.0000
0.0000
0.0000
0.0000
0.0000
0.0000
0.0000
0.0000
0.0000
0.0000
-0.0000
-0.0000
-0.0000
-0.0000
-0.0000
-0.0000
-0.0000
-0.0000
-0.0000
-0.0000
-0.0000
-0.0000
-0.0000
0.0000
0.0000
0.0000
0.0000
0.0000
0.0000
0.0000
0.0001
0.0001
0.0000
0.0000
0.0000
0.0000
-0.0000
-0.0000
-0.0001
-0.0001
-0.0001
-0.0002
-0.0002
-0.0002
-0.0002
-0.0002
-0.0001
-0.0001
-0.0000
0.0001
0.0002
0.0003
0.0004
0.0005
0.0006
0.0006
0.0007
0.0006
0.0005
0.0004
0.0002
-0.0001
-0.0004
-0.0007
-0.0010
-0.0014
-0.0017
-0.0019
-0.0020
-0.0020
-0.0019
-0.0016
-0.0011
-0.0005
0.0003
0.0012
0.0022
0.0032
0.0041
0.0048
0.0054
0.0057
0.0056
0.0050
0.0041
0.0027
0.0008
-0.0013
-0.0038
-0.0063
-0.0088
-0.0110
-0.0128
-0.0140
-0.0143
-0.0138
-0.0121
-0.0094
-0.0057
-0.0010
0.0044
0.0102
0.0162
0.0218
0.0267
0.0304
0.0326
0.0327
0.0307
0.0263
0.0196
0.0107
-0.0000
-0.0120
-0.0247
-0.0373
-0.0488
-0.0584
-0.0652
-0.0684
-0.0674
-0.0617
-0.0514
-0.0364
-0.0175
0.0046
0.0288
0.0535
0.0773
0.0983
0.1150
0.1258
0.1293
0.1248
0.1116
0.0899
0.0603
0.0241
-0.0168
-0.0603
-0.1037
-0.1440
-0.1784
-0.2041
-0.2187
-0.2205
-0.2081
-0.1815
-0.1411
-0.0887
-0.0267
0.0414
0.1118
0.1799
0.2412
0.2914
0.3263
0.3427
0.3385
0.3126
0.2653
0.1985
0.1153
0.0200
-0.0818
-0.1840
-0.2801
-0.3636
-0.4286
-0.4699
-0.4839
-0.4682
-0.4227
-0.3488
-0.2500
-0.1315
0.0000
0.1366
0.2700
0.3915
0.4932
0.5678
0.6098
0.6155
0.5834
0.5144
0.4119
0.2812
0.1299
-0.0331
-0.1978
-0.3540
-0.4917
-0.6020
-0.6776
-0.7130
-0.7054
-0.6547
-0.5634
-0.4367
-0.2820
-0.1086
0.0728
0.2511
0.4153
0.5550
0.6616
0.7284
0.7511
0.7284
0.6616
0.5550
0.4153
0.2511
0.0728
-0.1086
-0.2820
-0.4367
-0.5634
-0.6547
-0.7054
-0.7130
-0.6776
-0.6020
-0.4917
-0.3540
-0.1978
-0.0331
0.1299
0.2812
0.4119
0.5144
0.5834
0.6155
0.6098
0.5678
0.4932
0.3915
0.2700
0.1366
0.0000
-0.1315
-0.2500
-0.3488
-0.4227
-0.4682
-0.4839
-0.4699
-0.4286
-0.3636
-0.2801
-0.1840
-0.0818
0.0200
0.1153
0.1985
0.2653
0.3126
0.3385
0.3427
0.3263
0.2914
0.2412
0.1799
0.1118
0.0414
-0.0267
-0.0887
-0.1411
-0.1815
-0.2081
-0.2205
-0.2187
-0.2041
-0.1784
-0.1440
-0.1037
-0.0603
-0.0168
0.0241
0.0603
0.0899
0.1116
0.1248
0.1293
0.1258
0.1150
0.0983
0.0773
0.0535
0.0288
0.0046
-0.0175
-0.0364
-0.0514
-0.0617
-0.0674
-0.0684
-0.0652
-0.0584
-0.0488
-0.0373
-0.0247
-0.0120
-0.0000
0.0107
0.0196
0.0263
0.0307
0.0327
0.0326
0.0304
0.0267
0.0218
0.0162
0.0102
0.0044
-0.0010
-0.0057
-0.0094
-0.0121
-0.0138
-0.0143
-0.0140
-0.0128
-0.0110
-0.0088
-0.0063
-0.0038
-0.0013
0.0008
0.0027
0.0041
0.0050
0.0056
0.0057
0.0054
0.0048
0.0041
0.0032
0.0022
0.0012
0.0003
-0.0005
-0.0011
-0.0016
-0.0019
-0.0020
-0.0020
-0.0019
-0.0017
-0.0014
-0.0010
-0.0007
-0.0004
-0.0001
0.0002
0.0004
0.0005
0.0006
0.0007
0.0006
0.0006
0.0005
0.0004
0.0003
0.0002
0.0001
-0.0000
-0.0001
-0.0001
-0.0002
-0.0002
-0.0002
-0.0002
-0.0002
-0.0001
-0.0001
-0.0001
-0.0000
-0.0000
0.0000
0.0000
0.0000
0.0000
0.0001
0.0001
0.0000
0.0000
0.0000
0.0000
0.0000
0.0000
0.0000
-0.0000
-0.0000
-0.0000
-0.0000
-0.0000
-0.0000
-0.0000
-0.0000
-0.0000
-0.0000
-0.0000
-0.0000
-0.0000
0.0000
0.0000
0.0000
0.0000
0.0000
0.0000
0.0000
0.0000
0.0000
0.0000
0.0000
0.0000
0.0000
-0.0000
-0.0000
-0.0000
-0.0000
-0.0000
-0.0000
-0.0000
-0.0000
-0.0000
-0.0000
-0.0000
-0.0000
-0.0000
0.0000
0.0000
0.0000
0.0000
0.0000
0.0000
0.0000
0.0000
0.0000
0.0000
0.0000
0.0000
-0.0000
-0.0000
-0.0000
-0.0000
-0.0000
-0.0000
-0.0000
-0.0000
-0.0000
-0.0000
-0.0000
-0.0000
-0.0000
0.0000
0.0000
0.0000
0.0000
0.0000
0.0000
0.0000
